KO6	WT8	KO2	KO5	OE2	WT1	WT2	WT4	KO7	KO3	WT6	KO9	WT3	KO1	KO4	WT5	KO8	OE6	OE5	WT7	OE7	WT9	OE1	OE8	OE9
OTU_52	73.0	15.0	29.0	62.0	1.0	23.0	30.0	26.0	91.0	40.0	16.0	80.0	34.0	29.0	62.0	32.0	41.0	3.0	6.0	32.0	3.0	24.0	5.0	13.0	10.0
OTU_12	1109.0	182.0	575.0	886.0	110.0	457.0	468.0	566.0	1092.0	652.0	391.0	1219.0	396.0	528.0	1054.0	579.0	780.0	122.0	125.0	616.0	141.0	460.0	116.0	87.0	147.0
OTU_81	113.0	64.0	71.0	624.0	33.0	73.0	36.0	110.0	356.0	150.0	516.0	259.0	51.0	98.0	176.0	54.0	229.0	48.0	51.0	112.0	73.0	78.0	33.0	21.0	46.0
OTU_39	79.0	29.0	70.0	63.0	21.0	39.0	61.0	54.0	143.0	117.0	35.0	112.0	34.0	40.0	79.0	38.0	198.0	15.0	26.0	52.0	18.0	33.0	22.0	23.0	22.0
OTU_2	1812.0	531.0	1791.0	1466.0	328.0	779.0	490.0	1014.0	2121.0	2301.0	542.0	1977.0	565.0	1703.0	2056.0	964.0	3239.0	293.0	280.0	900.0	396.0	749.0	226.0	236.0	309.0
OTU_3	1180.0	1249.0	1182.0	2819.0	314.0	964.0	821.0	1362.0	2456.0	1388.0	1132.0	3070.0	910.0	1052.0	3568.0	1121.0	1641.0	418.0	385.0	752.0	573.0	1112.0	329.0	272.0	506.0
OTU_1	1803.0	2389.0	1541.0	2325.0	128.0	4090.0	3193.0	2422.0	3933.0	11048.0	2330.0	2480.0	1468.0	1370.0	3471.0	3296.0	2098.0	188.0	134.0	1839.0	204.0	2768.0	132.0	123.0	209.0
OTU_5	922.0	154.0	386.0	699.0	86.0	399.0	351.0	428.0	992.0	298.0	299.0	1095.0	383.0	282.0	883.0	340.0	635.0	93.0	72.0	470.0	118.0	378.0	93.0	88.0	93.0
OTU_262	80.0	24.0	47.0	58.0	16.0	50.0	69.0	29.0	256.0	45.0	22.0	148.0	38.0	39.0	227.0	71.0	201.0	23.0	20.0	113.0	18.0	42.0	22.0	19.0	27.0
OTU_67	73.0	32.0	16.0	23.0	5.0	6.0	16.0	19.0	35.0	85.0	29.0	26.0	15.0	16.0	26.0	16.0	42.0	4.0	7.0	16.0	10.0	16.0	3.0	9.0	7.0
OTU_49	1595.0	1194.0	1163.0	2095.0	373.0	816.0	646.0	1072.0	2606.0	2060.0	632.0	3650.0	725.0	1362.0	2240.0	841.0	2626.0	567.0	463.0	1049.0	661.0	1097.0	389.0	325.0	528.0
OTU_111	899.0	758.0	673.0	1216.0	216.0	425.0	447.0	840.0	1709.0	2324.0	361.0	2069.0	364.0	673.0	1223.0	351.0	1495.0	317.0	267.0	409.0	409.0	664.0	187.0	194.0	282.0
OTU_23	419.0	55.0	268.0	365.0	42.0	164.0	251.0	138.0	440.0	197.0	129.0	616.0	141.0	182.0	523.0	327.0	365.0	84.0	70.0	298.0	132.0	123.0	78.0	87.0	65.0
OTU_62	36.0	3.0	18.0	25.0	3.0	11.0	17.0	14.0	53.0	8.0	13.0	60.0	19.0	14.0	47.0	16.0	54.0	2.0	8.0	19.0	10.0	12.0	10.0	3.0	12.0
OTU_8	260.0	52.0	153.0	249.0	44.0	101.0	117.0	163.0	411.0	181.0	102.0	265.0	148.0	112.0	344.0	228.0	285.0	59.0	48.0	202.0	58.0	112.0	45.0	51.0	69.0
OTU_58	62.0	16.0	128.0	71.0	5.0	66.0	75.0	91.0	137.0	112.0	35.0	89.0	43.0	47.0	91.0	27.0	84.0	15.0	12.0	77.0	11.0	32.0	20.0	9.0	18.0
OTU_43	103.0	11.0	34.0	58.0	3.0	36.0	62.0	34.0	72.0	60.0	31.0	114.0	26.0	25.0	111.0	62.0	61.0	16.0	15.0	44.0	13.0	20.0	10.0	6.0	26.0
OTU_16	79.0	7.0	116.0	304.0	4.0	65.0	71.0	111.0	52.0	102.0	705.0	99.0	62.0	52.0	143.0	57.0	29.0	12.0	7.0	85.0	14.0	17.0	6.0	7.0	10.0
OTU_20	316.0	83.0	205.0	306.0	40.0	157.0	147.0	177.0	358.0	252.0	146.0	840.0	120.0	194.0	499.0	126.0	280.0	50.0	39.0	254.0	70.0	163.0	47.0	33.0	55.0
OTU_30	60.0	36.0	39.0	54.0	4.0	51.0	34.0	48.0	54.0	92.0	39.0	99.0	35.0	44.0	62.0	26.0	33.0	7.0	4.0	49.0	3.0	57.0	3.0	4.0	6.0
OTU_9	408.0	75.0	159.0	386.0	24.0	174.0	125.0	208.0	398.0	188.0	118.0	418.0	166.0	144.0	414.0	233.0	252.0	41.0	30.0	160.0	43.0	159.0	30.0	32.0	40.0
OTU_37	211.0	59.0	91.0	172.0	23.0	73.0	236.0	121.0	1049.0	48.0	235.0	254.0	83.0	74.0	257.0	81.0	239.0	20.0	20.0	91.0	25.0	62.0	30.0	9.0	13.0
OTU_94	65.0	13.0	44.0	70.0	5.0	38.0	33.0	49.0	123.0	60.0	25.0	89.0	27.0	21.0	70.0	41.0	43.0	9.0	5.0	36.0	15.0	23.0	5.0	8.0	5.0
OTU_176	10.0	1.0	13.0	14.0	4.0	7.0	7.0	9.0	20.0	9.0	6.0	14.0	3.0	4.0	9.0	7.0	13.0	3.0	0.0	6.0	3.0	5.0	1.0	3.0	1.0
OTU_783	15.0	4.0	5.0	13.0	5.0	4.0	15.0	6.0	13.0	12.0	7.0	74.0	10.0	12.0	20.0	71.0	15.0	2.0	13.0	11.0	5.0	11.0	3.0	4.0	7.0
OTU_10	228.0	6.0	141.0	85.0	9.0	49.0	122.0	85.0	425.0	23.0	78.0	156.0	130.0	31.0	109.0	64.0	92.0	13.0	7.0	300.0	14.0	73.0	8.0	7.0	8.0
OTU_38	26.0	8.0	31.0	39.0	5.0	27.0	15.0	32.0	66.0	35.0	14.0	97.0	15.0	7.0	41.0	17.0	26.0	5.0	4.0	21.0	11.0	13.0	4.0	4.0	4.0
OTU_727	3.0	19.0	6.0	7.0	0.0	2.0	4.0	3.0	3.0	25.0	11.0	6.0	2.0	9.0	10.0	3.0	10.0	1.0	1.0	2.0	0.0	12.0	3.0	1.0	0.0
OTU_32	136.0	87.0	122.0	59.0	12.0	168.0	103.0	90.0	64.0	335.0	52.0	98.0	42.0	100.0	139.0	109.0	189.0	22.0	8.0	90.0	8.0	168.0	15.0	4.0	23.0
OTU_14	84.0	15.0	42.0	41.0	5.0	22.0	13.0	53.0	35.0	877.0	45.0	155.0	27.0	36.0	25.0	15.0	59.0	4.0	6.0	45.0	7.0	29.0	3.0	2.0	16.0
OTU_53	237.0	51.0	147.0	297.0	36.0	114.0	121.0	101.0	318.0	170.0	99.0	610.0	69.0	96.0	449.0	208.0	471.0	49.0	23.0	227.0	52.0	157.0	39.0	55.0	48.0
OTU_22	247.0	70.0	272.0	407.0	26.0	150.0	127.0	292.0	328.0	485.0	120.0	730.0	101.0	145.0	364.0	160.0	257.0	42.0	31.0	221.0	58.0	137.0	29.0	29.0	39.0
OTU_410	3.0	1.0	2.0	86.0	0.0	2.0	4.0	8.0	6.0	3.0	5.0	8.0	1.0	2.0	2.0	1.0	2.0	0.0	0.0	10.0	2.0	0.0	0.0	2.0	0.0
OTU_69	40.0	6.0	48.0	91.0	2.0	18.0	19.0	25.0	61.0	44.0	15.0	50.0	13.0	23.0	41.0	14.0	41.0	2.0	6.0	36.0	5.0	16.0	2.0	4.0	4.0
OTU_185	165.0	224.0	166.0	460.0	66.0	139.0	303.0	325.0	698.0	264.0	778.0	354.0	148.0	229.0	1035.0	184.0	338.0	106.0	88.0	173.0	138.0	248.0	78.0	98.0	137.0
OTU_61	58.0	14.0	33.0	52.0	2.0	24.0	14.0	17.0	53.0	22.0	12.0	44.0	28.0	28.0	61.0	46.0	44.0	9.0	6.0	29.0	6.0	22.0	8.0	4.0	8.0
OTU_583	9.0	8.0	8.0	5.0	2.0	24.0	16.0	9.0	5.0	18.0	5.0	9.0	5.0	7.0	13.0	12.0	3.0	5.0	2.0	6.0	0.0	16.0	0.0	2.0	5.0
OTU_85	116.0	31.0	68.0	160.0	8.0	78.0	65.0	53.0	137.0	91.0	44.0	153.0	47.0	55.0	156.0	87.0	98.0	9.0	15.0	50.0	26.0	47.0	21.0	15.0	24.0
OTU_13	468.0	121.0	259.0	472.0	70.0	240.0	407.0	233.0	641.0	265.0	162.0	567.0	142.0	159.0	503.0	369.0	373.0	90.0	69.0	243.0	101.0	138.0	93.0	62.0	92.0
OTU_4	619.0	1246.0	763.0	453.0	63.0	888.0	296.0	497.0	409.0	3401.0	443.0	703.0	243.0	764.0	825.0	673.0	946.0	160.0	71.0	474.0	85.0	1418.0	79.0	49.0	147.0
OTU_138	37.0	10.0	21.0	55.0	6.0	17.0	19.0	19.0	71.0	22.0	47.0	59.0	30.0	14.0	67.0	38.0	71.0	8.0	6.0	35.0	11.0	12.0	7.0	4.0	3.0
OTU_7	760.0	150.0	390.0	536.0	68.0	275.0	307.0	281.0	839.0	330.0	223.0	845.0	305.0	316.0	673.0	361.0	479.0	80.0	71.0	354.0	97.0	259.0	65.0	80.0	86.0
OTU_18	327.0	77.0	185.0	311.0	59.0	136.0	178.0	211.0	324.0	190.0	273.0	786.0	161.0	235.0	548.0	268.0	446.0	95.0	72.0	225.0	80.0	144.0	61.0	66.0	60.0
OTU_314	5.0	2.0	1.0	2.0	0.0	1.0	1.0	0.0	2.0	2.0	3.0	6.0	3.0	7.0	6.0	4.0	3.0	0.0	0.0	2.0	2.0	1.0	0.0	0.0	0.0
OTU_84	7.0	12.0	7.0	52.0	1.0	10.0	14.0	13.0	31.0	31.0	26.0	34.0	7.0	8.0	21.0	11.0	18.0	0.0	4.0	18.0	3.0	12.0	1.0	3.0	2.0
OTU_513	54.0	6.0	47.0	53.0	5.0	29.0	35.0	24.0	41.0	55.0	16.0	61.0	21.0	24.0	53.0	19.0	49.0	6.0	6.0	32.0	14.0	10.0	9.0	4.0	7.0
OTU_59	124.0	15.0	68.0	101.0	5.0	57.0	83.0	71.0	134.0	68.0	48.0	134.0	34.0	31.0	102.0	49.0	98.0	8.0	5.0	56.0	15.0	31.0	16.0	16.0	11.0
OTU_54	84.0	22.0	59.0	86.0	7.0	28.0	37.0	44.0	81.0	70.0	30.0	80.0	45.0	34.0	57.0	23.0	71.0	8.0	10.0	28.0	11.0	28.0	11.0	4.0	8.0
OTU_72	103.0	25.0	71.0	74.0	14.0	39.0	54.0	44.0	140.0	27.0	44.0	156.0	72.0	49.0	117.0	62.0	85.0	14.0	12.0	60.0	13.0	46.0	9.0	6.0	14.0
OTU_323	8.0	1.0	2.0	4.0	0.0	1.0	1.0	3.0	3.0	2.0	4.0	2.0	2.0	4.0	7.0	1.0	5.0	1.0	0.0	0.0	0.0	1.0	1.0	0.0	1.0
OTU_102	9.0	1.0	7.0	164.0	3.0	3.0	3.0	14.0	31.0	12.0	2.0	19.0	2.0	19.0	14.0	7.0	12.0	5.0	18.0	9.0	1.0	17.0	1.0	4.0	3.0
OTU_128	19.0	5.0	20.0	15.0	2.0	6.0	16.0	16.0	22.0	18.0	2.0	14.0	11.0	9.0	18.0	13.0	13.0	2.0	3.0	15.0	1.0	5.0	1.0	3.0	0.0
OTU_93	105.0	24.0	70.0	36.0	12.0	29.0	21.0	23.0	54.0	113.0	15.0	54.0	23.0	59.0	52.0	49.0	86.0	10.0	9.0	28.0	14.0	25.0	5.0	7.0	7.0
OTU_780	77.0	10.0	50.0	132.0	9.0	25.0	42.0	33.0	111.0	19.0	183.0	580.0	8.0	25.0	54.0	68.0	88.0	40.0	11.0	21.0	19.0	116.0	12.0	12.0	15.0
OTU_938	40.0	6.0	36.0	38.0	4.0	30.0	15.0	21.0	53.0	21.0	17.0	60.0	12.0	16.0	43.0	17.0	40.0	3.0	4.0	27.0	6.0	19.0	6.0	6.0	5.0
OTU_239	1.0	0.0	3.0	4.0	0.0	0.0	26.0	1.0	4.0	0.0	1.0	2.0	2.0	1.0	11.0	1.0	3.0	1.0	2.0	0.0	0.0	6.0	3.0	0.0	1.0
OTU_24	125.0	22.0	73.0	118.0	14.0	46.0	56.0	74.0	171.0	137.0	39.0	166.0	69.0	53.0	153.0	81.0	81.0	16.0	16.0	53.0	12.0	55.0	15.0	8.0	20.0
OTU_28	156.0	49.0	68.0	113.0	13.0	32.0	59.0	38.0	291.0	46.0	46.0	120.0	50.0	28.0	139.0	111.0	101.0	18.0	7.0	61.0	13.0	85.0	12.0	14.0	19.0
OTU_171	13.0	8.0	12.0	13.0	1.0	7.0	5.0	8.0	10.0	11.0	5.0	14.0	9.0	5.0	21.0	4.0	30.0	2.0	0.0	7.0	4.0	5.0	1.0	5.0	1.0
OTU_423	5.0	4.0	4.0	5.0	0.0	6.0	8.0	5.0	10.0	1.0	3.0	13.0	2.0	4.0	4.0	3.0	3.0	1.0	0.0	3.0	0.0	0.0	1.0	0.0	0.0
OTU_66	48.0	7.0	25.0	60.0	5.0	37.0	20.0	31.0	72.0	38.0	14.0	56.0	19.0	14.0	61.0	24.0	45.0	5.0	3.0	24.0	6.0	18.0	9.0	2.0	9.0
OTU_202	11.0	7.0	11.0	17.0	0.0	8.0	4.0	7.0	16.0	16.0	11.0	15.0	4.0	10.0	15.0	9.0	19.0	2.0	1.0	4.0	1.0	6.0	1.0	0.0	1.0
OTU_246	42.0	8.0	37.0	35.0	4.0	24.0	16.0	31.0	70.0	20.0	16.0	48.0	19.0	7.0	42.0	18.0	43.0	5.0	4.0	18.0	8.0	11.0	7.0	3.0	7.0
OTU_290	10.0	4.0	6.0	25.0	0.0	10.0	6.0	9.0	18.0	18.0	14.0	13.0	4.0	3.0	29.0	4.0	13.0	1.0	1.0	10.0	1.0	16.0	1.0	0.0	0.0
OTU_130	9.0	2.0	7.0	7.0	1.0	6.0	4.0	7.0	6.0	3.0	6.0	38.0	6.0	4.0	14.0	0.0	20.0	0.0	3.0	19.0	3.0	21.0	4.0	0.0	1.0
OTU_161	30.0	9.0	38.0	55.0	4.0	23.0	17.0	18.0	46.0	41.0	20.0	34.0	8.0	17.0	44.0	22.0	41.0	6.0	8.0	21.0	6.0	18.0	8.0	7.0	3.0
OTU_333	1.0	1.0	0.0	3.0	0.0	2.0	4.0	4.0	5.0	3.0	1.0	7.0	1.0	0.0	1.0	1.0	0.0	0.0	0.0	1.0	0.0	5.0	1.0	0.0	1.0
OTU_21	193.0	38.0	166.0	116.0	21.0	62.0	85.0	68.0	101.0	213.0	69.0	122.0	78.0	194.0	157.0	56.0	271.0	27.0	36.0	77.0	24.0	36.0	16.0	13.0	20.0
OTU_157	16.0	1.0	12.0	17.0	2.0	4.0	12.0	6.0	24.0	7.0	6.0	14.0	5.0	9.0	12.0	12.0	13.0	4.0	2.0	5.0	2.0	8.0	4.0	3.0	2.0
OTU_288	6.0	1.0	2.0	1.0	0.0	2.0	2.0	1.0	9.0	7.0	1.0	6.0	4.0	2.0	7.0	1.0	2.0	0.0	0.0	7.0	0.0	1.0	0.0	0.0	0.0
OTU_119	19.0	3.0	8.0	24.0	1.0	7.0	7.0	4.0	12.0	3.0	3.0	10.0	11.0	5.0	29.0	6.0	22.0	3.0	2.0	9.0	2.0	5.0	1.0	1.0	2.0
OTU_48	65.0	10.0	33.0	93.0	6.0	19.0	46.0	37.0	96.0	47.0	30.0	258.0	29.0	22.0	86.0	50.0	52.0	14.0	16.0	69.0	10.0	13.0	7.0	10.0	8.0
OTU_71	6.0	1.0	6.0	19.0	3.0	1.0	6.0	0.0	124.0	10.0	5.0	15.0	6.0	6.0	28.0	15.0	31.0	2.0	9.0	45.0	8.0	0.0	7.0	2.0	4.0
OTU_242	24.0	8.0	9.0	39.0	1.0	13.0	9.0	10.0	24.0	17.0	13.0	35.0	8.0	12.0	30.0	18.0	19.0	1.0	1.0	12.0	1.0	15.0	2.0	1.0	1.0
OTU_76	192.0	15.0	84.0	92.0	11.0	23.0	52.0	50.0	131.0	77.0	53.0	90.0	38.0	63.0	129.0	26.0	109.0	26.0	20.0	27.0	32.0	65.0	21.0	13.0	18.0
OTU_33	156.0	50.0	124.0	274.0	12.0	156.0	71.0	140.0	208.0	353.0	93.0	283.0	75.0	122.0	268.0	89.0	159.0	19.0	18.0	104.0	32.0	64.0	17.0	13.0	35.0
OTU_233	6.0	1.0	2.0	0.0	2.0	5.0	4.0	4.0	8.0	5.0	6.0	5.0	1.0	5.0	1.0	0.0	3.0	0.0	0.0	2.0	1.0	1.0	0.0	0.0	0.0
OTU_98	35.0	13.0	26.0	38.0	5.0	18.0	18.0	23.0	55.0	27.0	11.0	63.0	18.0	15.0	43.0	21.0	37.0	12.0	7.0	21.0	7.0	6.0	3.0	4.0	8.0
OTU_350	50.0	9.0	14.0	27.0	0.0	14.0	12.0	20.0	16.0	9.0	14.0	33.0	11.0	4.0	35.0	19.0	32.0	1.0	1.0	8.0	4.0	22.0	0.0	4.0	2.0
OTU_112	9.0	5.0	24.0	39.0	6.0	10.0	17.0	10.0	32.0	14.0	3.0	27.0	8.0	10.0	19.0	13.0	17.0	7.0	13.0	9.0	3.0	8.0	5.0	3.0	3.0
OTU_68	6.0	0.0	0.0	5.0	2.0	9.0	3.0	103.0	30.0	1.0	0.0	15.0	9.0	37.0	17.0	5.0	3.0	1.0	4.0	0.0	4.0	1.0	5.0	6.0	0.0
OTU_90	16.0	28.0	17.0	7.0	1.0	20.0	10.0	11.0	9.0	56.0	2.0	14.0	9.0	13.0	21.0	8.0	30.0	5.0	4.0	7.0	1.0	22.0	0.0	3.0	5.0
OTU_17	132.0	11.0	134.0	138.0	7.0	59.0	229.0	190.0	116.0	99.0	78.0	123.0	43.0	149.0	149.0	75.0	97.0	14.0	10.0	55.0	15.0	15.0	15.0	4.0	14.0
OTU_29	106.0	78.0	112.0	164.0	32.0	59.0	82.0	72.0	188.0	173.0	95.0	280.0	70.0	95.0	186.0	108.0	149.0	34.0	50.0	116.0	51.0	104.0	26.0	21.0	52.0
OTU_418	106.0	14.0	59.0	138.0	18.0	27.0	73.0	66.0	139.0	113.0	18.0	141.0	31.0	41.0	217.0	126.0	67.0	26.0	18.0	70.0	29.0	41.0	22.0	23.0	15.0
OTU_148	12.0	2.0	5.0	10.0	2.0	2.0	6.0	8.0	17.0	7.0	9.0	16.0	2.0	4.0	9.0	7.0	11.0	1.0	0.0	4.0	1.0	1.0	1.0	0.0	1.0
OTU_293	16.0	0.0	7.0	19.0	1.0	4.0	6.0	10.0	30.0	15.0	2.0	32.0	9.0	12.0	23.0	4.0	35.0	4.0	3.0	6.0	6.0	6.0	2.0	2.0	3.0
OTU_110	26.0	16.0	9.0	27.0	3.0	7.0	15.0	16.0	25.0	21.0	17.0	38.0	6.0	7.0	28.0	11.0	22.0	2.0	1.0	14.0	5.0	7.0	1.0	1.0	3.0
OTU_304	21.0	6.0	12.0	49.0	1.0	7.0	15.0	14.0	31.0	16.0	19.0	51.0	11.0	13.0	46.0	17.0	24.0	2.0	3.0	15.0	6.0	9.0	1.0	2.0	1.0
OTU_104	4.0	15.0	7.0	2.0	2.0	1.0	4.0	4.0	43.0	20.0	0.0	22.0	8.0	33.0	5.0	2.0	7.0	0.0	0.0	5.0	1.0	6.0	1.0	0.0	0.0
OTU_40	59.0	11.0	17.0	80.0	2.0	10.0	15.0	19.0	17.0	100.0	19.0	156.0	28.0	25.0	80.0	30.0	30.0	7.0	6.0	26.0	19.0	7.0	4.0	6.0	6.0
OTU_141	18.0	3.0	13.0	7.0	0.0	9.0	9.0	7.0	18.0	5.0	6.0	8.0	4.0	1.0	8.0	5.0	6.0	0.0	2.0	3.0	1.0	5.0	1.0	0.0	1.0
OTU_402	10.0	3.0	12.0	19.0	2.0	5.0	5.0	6.0	13.0	12.0	4.0	18.0	4.0	2.0	12.0	10.0	7.0	2.0	4.0	6.0	0.0	5.0	2.0	1.0	3.0
OTU_57	10.0	26.0	9.0	31.0	1.0	15.0	17.0	11.0	13.0	40.0	8.0	37.0	6.0	13.0	24.0	11.0	64.0	4.0	3.0	15.0	2.0	20.0	2.0	2.0	3.0
OTU_73	148.0	37.0	71.0	165.0	25.0	45.0	63.0	58.0	111.0	61.0	47.0	126.0	40.0	56.0	183.0	112.0	136.0	23.0	14.0	81.0	28.0	56.0	19.0	20.0	25.0
OTU_168	9.0	3.0	5.0	8.0	1.0	6.0	5.0	6.0	6.0	9.0	4.0	16.0	5.0	3.0	12.0	4.0	1.0	1.0	0.0	5.0	1.0	5.0	0.0	1.0	1.0
OTU_42	49.0	6.0	38.0	51.0	0.0	14.0	17.0	19.0	43.0	7.0	8.0	63.0	18.0	9.0	45.0	26.0	37.0	4.0	1.0	20.0	2.0	20.0	2.0	1.0	3.0
OTU_75	93.0	10.0	64.0	91.0	6.0	46.0	36.0	55.0	106.0	30.0	27.0	110.0	36.0	23.0	104.0	51.0	62.0	6.0	10.0	44.0	14.0	31.0	8.0	4.0	9.0
OTU_91	67.0	10.0	57.0	34.0	1.0	31.0	23.0	18.0	45.0	21.0	12.0	43.0	15.0	24.0	17.0	23.0	22.0	5.0	2.0	20.0	3.0	30.0	1.0	0.0	4.0
OTU_485	45.0	7.0	37.0	45.0	3.0	21.0	16.0	24.0	49.0	39.0	18.0	40.0	17.0	20.0	49.0	21.0	42.0	4.0	5.0	22.0	7.0	16.0	3.0	4.0	5.0
OTU_729	26.0	36.0	27.0	34.0	2.0	19.0	15.0	25.0	37.0	71.0	21.0	65.0	12.0	23.0	33.0	7.0	47.0	3.0	2.0	20.0	2.0	36.0	0.0	3.0	6.0
OTU_123	45.0	8.0	24.0	33.0	6.0	38.0	32.0	46.0	63.0	27.0	6.0	48.0	21.0	12.0	65.0	27.0	44.0	8.0	7.0	88.0	12.0	21.0	3.0	13.0	9.0
OTU_47	70.0	5.0	108.0	17.0	7.0	10.0	20.0	16.0	31.0	72.0	10.0	24.0	4.0	37.0	33.0	13.0	96.0	3.0	6.0	8.0	3.0	8.0	4.0	5.0	6.0
OTU_60	147.0	33.0	81.0	103.0	21.0	48.0	83.0	90.0	202.0	102.0	44.0	176.0	45.0	56.0	122.0	57.0	195.0	14.0	23.0	79.0	18.0	59.0	23.0	23.0	17.0
OTU_46	57.0	34.0	39.0	45.0	3.0	25.0	47.0	43.0	33.0	46.0	56.0	60.0	32.0	32.0	56.0	27.0	47.0	7.0	2.0	28.0	5.0	50.0	2.0	3.0	5.0
OTU_74	30.0	8.0	28.0	37.0	5.0	17.0	44.0	25.0	64.0	14.0	12.0	61.0	15.0	22.0	39.0	23.0	49.0	8.0	5.0	17.0	5.0	16.0	3.0	8.0	11.0
OTU_197	27.0	0.0	55.0	41.0	0.0	3.0	25.0	5.0	5.0	1.0	1.0	51.0	58.0	4.0	63.0	1.0	4.0	4.0	1.0	2.0	2.0	27.0	4.0	1.0	3.0
OTU_34	91.0	5.0	35.0	102.0	6.0	7.0	93.0	6.0	54.0	53.0	46.0	121.0	9.0	27.0	103.0	33.0	109.0	9.0	11.0	33.0	20.0	3.0	6.0	12.0	10.0
OTU_88	32.0	12.0	18.0	36.0	2.0	37.0	28.0	23.0	103.0	29.0	66.0	55.0	8.0	22.0	56.0	24.0	29.0	3.0	2.0	15.0	5.0	17.0	1.0	4.0	3.0
OTU_86	69.0	14.0	44.0	56.0	5.0	34.0	53.0	48.0	90.0	55.0	26.0	66.0	26.0	28.0	66.0	23.0	55.0	8.0	9.0	26.0	6.0	24.0	10.0	5.0	7.0
OTU_6	389.0	112.0	201.0	232.0	36.0	158.0	119.0	197.0	337.0	153.0	184.0	335.0	138.0	135.0	329.0	156.0	292.0	43.0	55.0	207.0	76.0	159.0	50.0	42.0	55.0
OTU_125	92.0	12.0	50.0	80.0	11.0	27.0	51.0	30.0	55.0	29.0	28.0	133.0	16.0	45.0	65.0	30.0	63.0	13.0	15.0	15.0	4.0	16.0	12.0	12.0	13.0
OTU_31	49.0	6.0	76.0	56.0	4.0	19.0	79.0	72.0	22.0	39.0	11.0	74.0	29.0	27.0	45.0	13.0	42.0	5.0	3.0	51.0	5.0	29.0	2.0	3.0	2.0
OTU_113	21.0	3.0	9.0	13.0	3.0	7.0	3.0	8.0	11.0	4.0	8.0	16.0	2.0	6.0	18.0	7.0	12.0	1.0	3.0	9.0	2.0	6.0	2.0	1.0	1.0
OTU_398	5.0	0.0	4.0	3.0	1.0	5.0	0.0	4.0	3.0	3.0	0.0	4.0	1.0	1.0	1.0	1.0	6.0	0.0	0.0	2.0	2.0	0.0	1.0	0.0	0.0
OTU_44	40.0	2.0	25.0	40.0	6.0	27.0	13.0	14.0	35.0	44.0	7.0	68.0	23.0	50.0	70.0	20.0	68.0	8.0	12.0	20.0	11.0	10.0	7.0	5.0	6.0
OTU_236	22.0	7.0	14.0	28.0	2.0	10.0	62.0	6.0	50.0	12.0	9.0	21.0	8.0	6.0	27.0	9.0	47.0	5.0	4.0	8.0	4.0	14.0	6.0	6.0	2.0
OTU_214	11.0	4.0	9.0	28.0	0.0	8.0	5.0	25.0	12.0	17.0	5.0	13.0	5.0	6.0	16.0	24.0	8.0	2.0	2.0	21.0	6.0	5.0	2.0	3.0	2.0
OTU_154	22.0	3.0	11.0	13.0	0.0	11.0	10.0	15.0	16.0	5.0	10.0	20.0	4.0	8.0	15.0	4.0	8.0	2.0	3.0	6.0	2.0	2.0	2.0	2.0	2.0
OTU_55	69.0	12.0	27.0	52.0	4.0	16.0	35.0	23.0	94.0	28.0	33.0	92.0	20.0	24.0	64.0	41.0	58.0	6.0	6.0	18.0	13.0	23.0	1.0	1.0	10.0
OTU_159	24.0	8.0	7.0	13.0	1.0	7.0	4.0	6.0	10.0	7.0	11.0	29.0	8.0	23.0	12.0	10.0	16.0	2.0	1.0	9.0	2.0	14.0	1.0	0.0	1.0
OTU_41	60.0	0.0	67.0	75.0	0.0	31.0	43.0	49.0	16.0	73.0	8.0	29.0	26.0	114.0	65.0	17.0	21.0	7.0	5.0	24.0	4.0	2.0	4.0	3.0	1.0
OTU_100	16.0	4.0	9.0	15.0	1.0	17.0	14.0	8.0	20.0	35.0	15.0	19.0	10.0	11.0	20.0	7.0	16.0	6.0	4.0	11.0	4.0	16.0	3.0	2.0	3.0
OTU_372	1.0	0.0	3.0	1.0	0.0	1.0	5.0	2.0	1.0	9.0	0.0	2.0	3.0	3.0	3.0	1.0	3.0	0.0	1.0	2.0	0.0	0.0	0.0	0.0	0.0
OTU_87	72.0	29.0	81.0	107.0	14.0	42.0	22.0	49.0	125.0	105.0	30.0	103.0	67.0	64.0	138.0	107.0	117.0	11.0	13.0	61.0	21.0	25.0	14.0	7.0	18.0
OTU_201	13.0	2.0	3.0	7.0	2.0	3.0	2.0	3.0	17.0	0.0	2.0	2.0	6.0	2.0	20.0	19.0	4.0	1.0	0.0	6.0	1.0	3.0	2.0	2.0	1.0
OTU_80	43.0	52.0	16.0	40.0	6.0	11.0	29.0	18.0	30.0	39.0	6.0	24.0	13.0	15.0	42.0	9.0	35.0	5.0	6.0	23.0	7.0	6.0	6.0	7.0	8.0
OTU_70	71.0	31.0	36.0	56.0	3.0	45.0	26.0	28.0	30.0	55.0	11.0	50.0	29.0	29.0	59.0	35.0	60.0	6.0	7.0	37.0	9.0	58.0	1.0	4.0	8.0
OTU_82	48.0	8.0	23.0	32.0	2.0	26.0	23.0	20.0	31.0	33.0	28.0	62.0	13.0	18.0	37.0	18.0	38.0	2.0	4.0	26.0	5.0	9.0	4.0	4.0	6.0
OTU_241	17.0	2.0	12.0	10.0	2.0	9.0	12.0	5.0	13.0	7.0	3.0	18.0	5.0	3.0	12.0	3.0	19.0	2.0	2.0	3.0	2.0	6.0	2.0	3.0	4.0
OTU_136	11.0	4.0	7.0	9.0	2.0	4.0	6.0	8.0	11.0	5.0	10.0	18.0	4.0	4.0	19.0	2.0	12.0	0.0	1.0	3.0	1.0	8.0	3.0	1.0	0.0
OTU_888	6.0	0.0	7.0	11.0	1.0	4.0	6.0	10.0	5.0	1.0	11.0	10.0	5.0	14.0	5.0	1.0	6.0	1.0	1.0	3.0	3.0	13.0	0.0	0.0	3.0
OTU_198	0.0	0.0	2.0	0.0	0.0	0.0	1.0	0.0	1.0	0.0	0.0	1.0	1.0	0.0	39.0	0.0	1.0	0.0	0.0	1.0	0.0	0.0	0.0	0.0	0.0
OTU_194	27.0	4.0	16.0	15.0	1.0	15.0	20.0	11.0	38.0	6.0	14.0	33.0	7.0	13.0	22.0	11.0	28.0	2.0	0.0	7.0	0.0	6.0	3.0	1.0	4.0
OTU_65	67.0	15.0	86.0	36.0	3.0	36.0	23.0	25.0	119.0	33.0	31.0	25.0	31.0	10.0	46.0	26.0	23.0	10.0	4.0	20.0	2.0	25.0	4.0	3.0	8.0
OTU_175	9.0	0.0	2.0	8.0	0.0	1.0	7.0	3.0	6.0	6.0	3.0	5.0	5.0	2.0	5.0	3.0	7.0	1.0	0.0	2.0	2.0	5.0	1.0	0.0	0.0
OTU_89	45.0	5.0	43.0	27.0	8.0	35.0	47.0	39.0	27.0	48.0	11.0	39.0	17.0	36.0	47.0	23.0	50.0	5.0	9.0	30.0	6.0	10.0	5.0	5.0	6.0
OTU_190	103.0	14.0	62.0	94.0	8.0	45.0	54.0	60.0	117.0	86.0	40.0	111.0	46.0	37.0	103.0	53.0	159.0	9.0	19.0	66.0	16.0	32.0	8.0	17.0	19.0
OTU_216	14.0	2.0	7.0	16.0	0.0	9.0	5.0	4.0	13.0	5.0	4.0	10.0	9.0	4.0	10.0	9.0	14.0	2.0	0.0	7.0	0.0	5.0	0.0	3.0	4.0
OTU_107	19.0	4.0	40.0	32.0	3.0	26.0	40.0	26.0	33.0	24.0	12.0	40.0	20.0	19.0	37.0	15.0	40.0	6.0	3.0	26.0	8.0	8.0	8.0	4.0	6.0
OTU_131	22.0	0.0	3.0	7.0	1.0	9.0	0.0	2.0	13.0	53.0	0.0	2.0	1.0	1.0	4.0	2.0	8.0	0.0	1.0	4.0	0.0	4.0	0.0	0.0	0.0
OTU_220	9.0	2.0	0.0	27.0	0.0	1.0	1.0	3.0	1.0	0.0	0.0	6.0	0.0	0.0	2.0	1.0	7.0	0.0	2.0	1.0	3.0	6.0	0.0	0.0	0.0
OTU_206	5.0	0.0	9.0	7.0	1.0	1.0	6.0	3.0	14.0	6.0	2.0	9.0	1.0	4.0	9.0	2.0	8.0	0.0	1.0	5.0	0.0	3.0	1.0	1.0	1.0
OTU_105	8.0	33.0	3.0	24.0	3.0	10.0	5.0	14.0	33.0	12.0	16.0	27.0	10.0	4.0	26.0	10.0	21.0	2.0	2.0	18.0	0.0	11.0	0.0	3.0	2.0
OTU_140	16.0	33.0	20.0	19.0	1.0	11.0	8.0	9.0	22.0	49.0	12.0	36.0	13.0	15.0	22.0	9.0	27.0	5.0	1.0	11.0	3.0	27.0	1.0	1.0	3.0
OTU_743	8.0	3.0	10.0	12.0	2.0	5.0	4.0	5.0	8.0	9.0	3.0	12.0	4.0	3.0	13.0	4.0	9.0	1.0	2.0	3.0	1.0	4.0	1.0	1.0	0.0
OTU_536	4.0	0.0	14.0	8.0	0.0	2.0	2.0	3.0	3.0	6.0	0.0	4.0	0.0	1.0	6.0	1.0	2.0	1.0	0.0	1.0	0.0	0.0	0.0	0.0	0.0
OTU_163	8.0	3.0	14.0	15.0	0.0	12.0	5.0	10.0	12.0	3.0	1.0	12.0	5.0	5.0	13.0	5.0	11.0	1.0	2.0	6.0	2.0	3.0	1.0	1.0	1.0
OTU_78	27.0	7.0	13.0	18.0	4.0	10.0	15.0	15.0	18.0	13.0	7.0	42.0	19.0	9.0	24.0	13.0	10.0	1.0	2.0	17.0	1.0	13.0	1.0	2.0	2.0
OTU_275	5.0	0.0	5.0	1.0	0.0	2.0	0.0	3.0	0.0	2.0	3.0	7.0	3.0	2.0	2.0	1.0	3.0	1.0	0.0	2.0	0.0	2.0	0.0	0.0	0.0
OTU_134	29.0	5.0	10.0	15.0	0.0	6.0	10.0	7.0	18.0	16.0	1.0	28.0	12.0	4.0	22.0	10.0	13.0	3.0	0.0	5.0	2.0	4.0	2.0	1.0	1.0
OTU_143	14.0	5.0	8.0	9.0	1.0	16.0	5.0	3.0	8.0	9.0	7.0	15.0	4.0	15.0	15.0	10.0	11.0	2.0	1.0	5.0	2.0	5.0	1.0	2.0	0.0
OTU_277	4.0	3.0	3.0	3.0	0.0	4.0	3.0	8.0	2.0	1.0	3.0	1.0	2.0	5.0	3.0	2.0	0.0	1.0	1.0	2.0	0.0	0.0	2.0	2.0	0.0
OTU_438	3.0	2.0	7.0	6.0	0.0	0.0	1.0	2.0	3.0	1.0	3.0	6.0	2.0	4.0	3.0	1.0	0.0	0.0	0.0	0.0	0.0	1.0	1.0	0.0	0.0
OTU_153	12.0	4.0	15.0	13.0	2.0	6.0	18.0	15.0	20.0	2.0	8.0	9.0	6.0	4.0	10.0	5.0	9.0	1.0	1.0	8.0	0.0	4.0	2.0	1.0	1.0
OTU_158	7.0	2.0	1.0	3.0	1.0	4.0	4.0	3.0	4.0	8.0	2.0	5.0	2.0	3.0	8.0	5.0	3.0	2.0	0.0	3.0	1.0	4.0	0.0	0.0	3.0
OTU_283	7.0	5.0	4.0	3.0	1.0	7.0	6.0	4.0	5.0	14.0	5.0	11.0	2.0	4.0	3.0	8.0	9.0	3.0	0.0	6.0	1.0	13.0	2.0	1.0	1.0
OTU_414	0.0	1.0	3.0	8.0	1.0	1.0	0.0	4.0	3.0	4.0	3.0	3.0	1.0	2.0	4.0	1.0	0.0	0.0	0.0	2.0	0.0	0.0	0.0	1.0	0.0
OTU_169	3.0	7.0	0.0	5.0	0.0	0.0	2.0	2.0	12.0	15.0	21.0	4.0	2.0	0.0	7.0	1.0	2.0	3.0	0.0	0.0	1.0	3.0	2.0	0.0	1.0
OTU_172	6.0	1.0	14.0	7.0	1.0	2.0	4.0	12.0	5.0	2.0	0.0	6.0	4.0	4.0	9.0	2.0	5.0	2.0	2.0	6.0	1.0	5.0	1.0	0.0	3.0
OTU_56	78.0	16.0	40.0	77.0	12.0	45.0	48.0	43.0	108.0	42.0	31.0	120.0	28.0	21.0	87.0	44.0	66.0	15.0	10.0	65.0	16.0	40.0	7.0	8.0	11.0
OTU_908	9.0	7.0	8.0	12.0	3.0	5.0	6.0	4.0	7.0	15.0	4.0	6.0	4.0	7.0	8.0	8.0	7.0	4.0	4.0	4.0	2.0	8.0	2.0	2.0	5.0
OTU_97	14.0	20.0	3.0	1.0	0.0	6.0	11.0	0.0	0.0	9.0	8.0	11.0	4.0	3.0	10.0	7.0	2.0	1.0	0.0	30.0	2.0	9.0	2.0	0.0	2.0
OTU_174	10.0	3.0	2.0	9.0	1.0	3.0	7.0	6.0	37.0	6.0	9.0	8.0	4.0	3.0	6.0	6.0	5.0	1.0	0.0	8.0	0.0	4.0	1.0	2.0	1.0
OTU_144	0.0	2.0	5.0	5.0	1.0	9.0	4.0	4.0	2.0	16.0	1.0	4.0	1.0	3.0	4.0	5.0	9.0	0.0	0.0	2.0	0.0	3.0	0.0	0.0	1.0
OTU_929	5.0	0.0	4.0	6.0	0.0	3.0	4.0	4.0	8.0	4.0	1.0	5.0	1.0	2.0	4.0	3.0	8.0	2.0	1.0	5.0	1.0	2.0	0.0	1.0	2.0
OTU_829	4.0	0.0	2.0	2.0	1.0	2.0	6.0	4.0	14.0	6.0	1.0	1.0	2.0	2.0	6.0	2.0	6.0	0.0	0.0	1.0	3.0	1.0	0.0	1.0	2.0
OTU_281	10.0	2.0	4.0	11.0	1.0	2.0	0.0	2.0	8.0	5.0	5.0	3.0	3.0	7.0	13.0	3.0	3.0	0.0	1.0	2.0	0.0	0.0	0.0	0.0	0.0
OTU_77	10.0	1.0	16.0	18.0	2.0	20.0	13.0	9.0	19.0	9.0	3.0	82.0	2.0	13.0	37.0	18.0	37.0	4.0	3.0	17.0	4.0	1.0	1.0	3.0	4.0
OTU_92	30.0	18.0	15.0	31.0	3.0	20.0	15.0	15.0	46.0	18.0	12.0	41.0	10.0	11.0	22.0	20.0	32.0	1.0	4.0	20.0	3.0	17.0	4.0	3.0	8.0
OTU_232	2.0	3.0	3.0	14.0	2.0	3.0	2.0	7.0	11.0	10.0	3.0	16.0	6.0	4.0	5.0	2.0	16.0	1.0	2.0	4.0	2.0	11.0	2.0	0.0	0.0
OTU_210	3.0	1.0	7.0	5.0	0.0	0.0	2.0	1.0	5.0	3.0	0.0	11.0	2.0	4.0	5.0	0.0	2.0	0.0	0.0	2.0	1.0	1.0	1.0	0.0	1.0
OTU_362	4.0	1.0	4.0	11.0	1.0	2.0	5.0	1.0	5.0	2.0	4.0	3.0	4.0	2.0	6.0	0.0	4.0	1.0	2.0	1.0	0.0	0.0	1.0	0.0	1.0
OTU_943	9.0	1.0	5.0	4.0	1.0	1.0	0.0	4.0	1.0	1.0	0.0	16.0	0.0	1.0	7.0	0.0	3.0	0.0	2.0	2.0	4.0	2.0	1.0	0.0	3.0
OTU_120	36.0	3.0	15.0	46.0	1.0	11.0	11.0	38.0	30.0	54.0	28.0	65.0	9.0	14.0	33.0	23.0	36.0	3.0	9.0	20.0	4.0	10.0	3.0	3.0	5.0
OTU_145	11.0	10.0	8.0	12.0	1.0	3.0	5.0	11.0	22.0	18.0	9.0	15.0	4.0	8.0	11.0	6.0	17.0	0.0	1.0	2.0	1.0	7.0	4.0	1.0	0.0
OTU_184	10.0	10.0	7.0	13.0	1.0	9.0	21.0	12.0	24.0	6.0	13.0	27.0	8.0	8.0	25.0	13.0	20.0	1.0	2.0	7.0	2.0	7.0	2.0	2.0	1.0
OTU_503	3.0	0.0	1.0	9.0	0.0	6.0	3.0	4.0	7.0	0.0	1.0	4.0	1.0	3.0	4.0	1.0	8.0	0.0	0.0	3.0	0.0	2.0	2.0	2.0	1.0
OTU_209	23.0	4.0	13.0	8.0	1.0	10.0	9.0	6.0	14.0	14.0	3.0	15.0	10.0	6.0	19.0	8.0	9.0	1.0	2.0	8.0	5.0	4.0	3.0	4.0	3.0
OTU_319	5.0	2.0	1.0	3.0	0.0	2.0	3.0	1.0	3.0	2.0	1.0	4.0	0.0	1.0	5.0	1.0	3.0	0.0	0.0	4.0	0.0	1.0	0.0	0.0	0.0
OTU_152	4.0	6.0	3.0	7.0	1.0	0.0	0.0	5.0	2.0	6.0	8.0	16.0	4.0	8.0	3.0	1.0	7.0	0.0	2.0	2.0	0.0	10.0	0.0	0.0	3.0
OTU_256	4.0	2.0	0.0	4.0	1.0	2.0	2.0	3.0	0.0	7.0	3.0	7.0	0.0	3.0	3.0	2.0	0.0	0.0	1.0	3.0	0.0	7.0	0.0	0.0	1.0
OTU_213	14.0	5.0	7.0	8.0	0.0	5.0	6.0	9.0	5.0	9.0	5.0	13.0	7.0	6.0	24.0	4.0	4.0	2.0	1.0	4.0	0.0	6.0	1.0	0.0	0.0
OTU_260	8.0	7.0	5.0	4.0	2.0	8.0	4.0	5.0	4.0	6.0	1.0	11.0	6.0	5.0	14.0	3.0	8.0	2.0	1.0	7.0	3.0	15.0	1.0	0.0	3.0
OTU_182	6.0	8.0	4.0	18.0	1.0	1.0	3.0	2.0	0.0	0.0	1.0	3.0	1.0	3.0	13.0	5.0	0.0	0.0	0.0	1.0	1.0	2.0	2.0	1.0	1.0
OTU_146	35.0	3.0	37.0	28.0	3.0	14.0	11.0	20.0	36.0	20.0	9.0	21.0	5.0	9.0	22.0	16.0	19.0	1.0	2.0	8.0	5.0	5.0	1.0	2.0	4.0
OTU_137	6.0	3.0	9.0	11.0	0.0	1.0	9.0	10.0	15.0	8.0	4.0	15.0	4.0	4.0	7.0	7.0	13.0	1.0	2.0	4.0	3.0	7.0	1.0	3.0	5.0
OTU_106	3.0	30.0	0.0	4.0	0.0	4.0	2.0	14.0	0.0	11.0	9.0	8.0	5.0	3.0	0.0	3.0	1.0	0.0	0.0	14.0	0.0	33.0	0.0	2.0	0.0
OTU_117	25.0	1.0	14.0	24.0	3.0	10.0	9.0	12.0	22.0	8.0	5.0	28.0	14.0	9.0	19.0	15.0	13.0	1.0	4.0	12.0	1.0	13.0	1.0	0.0	2.0
OTU_45	39.0	3.0	28.0	38.0	7.0	19.0	27.0	20.0	47.0	21.0	13.0	60.0	19.0	26.0	42.0	22.0	35.0	3.0	7.0	21.0	9.0	19.0	12.0	8.0	3.0
OTU_270	9.0	0.0	5.0	21.0	2.0	3.0	4.0	2.0	5.0	2.0	0.0	7.0	3.0	3.0	2.0	4.0	1.0	0.0	0.0	3.0	1.0	1.0	0.0	0.0	1.0
OTU_177	15.0	0.0	1.0	24.0	1.0	2.0	4.0	3.0	6.0	6.0	13.0	14.0	1.0	4.0	17.0	5.0	1.0	0.0	0.0	3.0	1.0	2.0	1.0	0.0	0.0
OTU_334	27.0	2.0	22.0	26.0	1.0	5.0	15.0	16.0	27.0	21.0	7.0	18.0	13.0	58.0	115.0	11.0	39.0	9.0	7.0	9.0	5.0	8.0	4.0	3.0	3.0
OTU_63	36.0	24.0	29.0	34.0	1.0	39.0	26.0	31.0	36.0	53.0	22.0	73.0	12.0	34.0	34.0	19.0	52.0	9.0	4.0	41.0	5.0	39.0	2.0	3.0	4.0
OTU_126	20.0	3.0	14.0	28.0	4.0	15.0	17.0	13.0	28.0	19.0	7.0	29.0	5.0	14.0	20.0	7.0	33.0	3.0	2.0	12.0	4.0	5.0	2.0	3.0	1.0
OTU_79	14.0	17.0	10.0	14.0	2.0	15.0	9.0	13.0	36.0	45.0	7.0	19.0	10.0	13.0	16.0	7.0	27.0	1.0	3.0	12.0	2.0	10.0	1.0	0.0	1.0
OTU_203	0.0	6.0	2.0	10.0	0.0	1.0	2.0	2.0	16.0	3.0	5.0	8.0	2.0	7.0	4.0	1.0	6.0	0.0	1.0	0.0	0.0	4.0	0.0	1.0	0.0
OTU_384	4.0	4.0	1.0	11.0	1.0	7.0	11.0	7.0	15.0	1.0	5.0	9.0	4.0	17.0	3.0	3.0	3.0	3.0	2.0	16.0	2.0	4.0	0.0	1.0	2.0
OTU_249	3.0	1.0	5.0	2.0	0.0	4.0	4.0	4.0	7.0	2.0	0.0	5.0	2.0	3.0	3.0	3.0	4.0	0.0	1.0	3.0	0.0	2.0	0.0	0.0	0.0
OTU_254	3.0	4.0	2.0	2.0	1.0	3.0	16.0	2.0	8.0	2.0	3.0	3.0	3.0	1.0	5.0	1.0	7.0	1.0	0.0	3.0	0.0	2.0	0.0	0.0	0.0
OTU_51	16.0	13.0	14.0	42.0	2.0	10.0	8.0	27.0	47.0	54.0	0.0	40.0	3.0	23.0	32.0	11.0	26.0	1.0	1.0	6.0	2.0	4.0	0.0	2.0	1.0
OTU_147	9.0	17.0	8.0	8.0	0.0	17.0	8.0	5.0	12.0	22.0	8.0	20.0	4.0	8.0	19.0	16.0	11.0	2.0	2.0	10.0	3.0	9.0	0.0	2.0	2.0
OTU_800	8.0	1.0	11.0	7.0	1.0	4.0	4.0	9.0	11.0	10.0	8.0	21.0	7.0	10.0	9.0	5.0	22.0	0.0	1.0	0.0	2.0	1.0	3.0	0.0	0.0
OTU_127	30.0	6.0	24.0	20.0	3.0	16.0	25.0	21.0	47.0	22.0	8.0	34.0	8.0	9.0	35.0	11.0	51.0	2.0	7.0	16.0	4.0	11.0	2.0	1.0	3.0
OTU_556	15.0	10.0	7.0	15.0	0.0	9.0	17.0	8.0	21.0	10.0	7.0	32.0	9.0	15.0	11.0	6.0	8.0	0.0	0.0	10.0	1.0	7.0	0.0	0.0	3.0
OTU_248	1.0	0.0	4.0	1.0	1.0	2.0	1.0	1.0	7.0	1.0	1.0	3.0	1.0	0.0	26.0	1.0	1.0	0.0	0.0	1.0	0.0	4.0	0.0	1.0	0.0
OTU_135	12.0	1.0	3.0	8.0	0.0	5.0	1.0	3.0	12.0	27.0	5.0	4.0	6.0	2.0	12.0	0.0	4.0	1.0	0.0	4.0	0.0	2.0	1.0	2.0	2.0
OTU_229	5.0	1.0	3.0	3.0	0.0	4.0	4.0	4.0	3.0	1.0	1.0	6.0	1.0	0.0	3.0	2.0	5.0	0.0	0.0	0.0	0.0	2.0	0.0	0.0	1.0
OTU_115	25.0	5.0	22.0	26.0	3.0	14.0	15.0	28.0	19.0	11.0	8.0	22.0	12.0	11.0	13.0	14.0	30.0	1.0	3.0	14.0	3.0	5.0	2.0	1.0	3.0
OTU_635	5.0	3.0	3.0	1.0	0.0	3.0	4.0	1.0	3.0	2.0	0.0	3.0	2.0	2.0	3.0	0.0	3.0	0.0	1.0	1.0	0.0	1.0	0.0	1.0	0.0
OTU_205	5.0	3.0	5.0	2.0	0.0	3.0	5.0	2.0	6.0	7.0	1.0	6.0	0.0	5.0	5.0	1.0	7.0	0.0	1.0	0.0	0.0	0.0	0.0	0.0	0.0
OTU_227	1.0	3.0	2.0	2.0	0.0	0.0	0.0	0.0	0.0	10.0	7.0	5.0	1.0	2.0	2.0	1.0	2.0	0.0	0.0	1.0	0.0	3.0	0.0	1.0	2.0
OTU_150	5.0	2.0	1.0	10.0	0.0	4.0	1.0	4.0	10.0	4.0	3.0	30.0	1.0	5.0	5.0	0.0	5.0	1.0	1.0	30.0	2.0	1.0	1.0	0.0	2.0
OTU_189	4.0	0.0	4.0	3.0	0.0	4.0	1.0	2.0	5.0	8.0	7.0	4.0	3.0	2.0	7.0	4.0	1.0	1.0	0.0	3.0	0.0	7.0	0.0	0.0	0.0
OTU_122	2.0	3.0	5.0	7.0	0.0	4.0	16.0	2.0	6.0	23.0	6.0	17.0	1.0	11.0	10.0	2.0	6.0	0.0	0.0	9.0	2.0	7.0	0.0	1.0	1.0
OTU_114	13.0	3.0	20.0	21.0	2.0	4.0	7.0	2.0	7.0	18.0	3.0	16.0	11.0	8.0	23.0	7.0	18.0	3.0	3.0	5.0	2.0	7.0	1.0	2.0	2.0
OTU_392	9.0	2.0	10.0	23.0	0.0	6.0	5.0	8.0	11.0	7.0	2.0	8.0	5.0	6.0	13.0	6.0	6.0	2.0	0.0	9.0	0.0	4.0	1.0	1.0	3.0
OTU_337	6.0	0.0	2.0	4.0	1.0	3.0	7.0	1.0	11.0	6.0	8.0	3.0	2.0	3.0	3.0	2.0	6.0	1.0	2.0	4.0	0.0	0.0	0.0	0.0	0.0
OTU_132	40.0	9.0	27.0	40.0	5.0	17.0	31.0	27.0	54.0	32.0	14.0	45.0	10.0	12.0	37.0	19.0	33.0	8.0	1.0	30.0	6.0	14.0	3.0	0.0	8.0
OTU_179	21.0	3.0	2.0	16.0	0.0	7.0	1.0	9.0	20.0	24.0	5.0	19.0	5.0	5.0	16.0	5.0	8.0	1.0	1.0	5.0	0.0	3.0	0.0	0.0	2.0
OTU_252	43.0	9.0	29.0	32.0	5.0	25.0	28.0	16.0	49.0	12.0	18.0	44.0	21.0	9.0	52.0	18.0	55.0	7.0	6.0	28.0	5.0	7.0	2.0	2.0	7.0
OTU_217	8.0	3.0	12.0	15.0	2.0	3.0	7.0	6.0	24.0	11.0	7.0	20.0	8.0	7.0	21.0	13.0	10.0	0.0	6.0	10.0	6.0	10.0	0.0	3.0	3.0
OTU_101	19.0	2.0	16.0	12.0	0.0	9.0	11.0	7.0	11.0	8.0	9.0	24.0	4.0	3.0	18.0	1.0	8.0	5.0	0.0	7.0	1.0	11.0	0.0	2.0	1.0
OTU_303	0.0	0.0	2.0	1.0	1.0	1.0	0.0	2.0	5.0	1.0	0.0	2.0	0.0	0.0	52.0	0.0	0.0	0.0	0.0	2.0	1.0	2.0	0.0	0.0	0.0
OTU_273	4.0	0.0	0.0	0.0	0.0	5.0	7.0	10.0	0.0	0.0	2.0	2.0	2.0	1.0	0.0	8.0	3.0	0.0	0.0	0.0	1.0	2.0	1.0	1.0	0.0
OTU_413	10.0	7.0	13.0	5.0	1.0	3.0	19.0	6.0	11.0	10.0	15.0	28.0	4.0	4.0	16.0	6.0	25.0	5.0	1.0	14.0	2.0	3.0	0.0	0.0	1.0
OTU_326	6.0	2.0	10.0	11.0	1.0	7.0	9.0	7.0	14.0	10.0	4.0	9.0	5.0	10.0	16.0	7.0	9.0	1.0	0.0	3.0	0.0	3.0	0.0	1.0	2.0
OTU_223	10.0	3.0	4.0	7.0	2.0	2.0	11.0	2.0	29.0	1.0	1.0	8.0	1.0	0.0	9.0	6.0	1.0	2.0	1.0	38.0	2.0	7.0	0.0	0.0	1.0
OTU_266	0.0	0.0	1.0	8.0	0.0	3.0	0.0	2.0	2.0	0.0	0.0	11.0	1.0	3.0	13.0	1.0	0.0	0.0	0.0	0.0	0.0	1.0	0.0	0.0	0.0
OTU_108	34.0	7.0	23.0	35.0	1.0	17.0	29.0	31.0	43.0	20.0	14.0	31.0	8.0	19.0	34.0	13.0	36.0	2.0	5.0	31.0	3.0	11.0	4.0	4.0	5.0
OTU_367	10.0	0.0	5.0	7.0	0.0	3.0	7.0	7.0	8.0	5.0	3.0	6.0	5.0	4.0	8.0	6.0	4.0	1.0	0.0	6.0	0.0	4.0	0.0	0.0	0.0
OTU_207	1.0	0.0	5.0	0.0	0.0	1.0	2.0	5.0	5.0	0.0	1.0	3.0	0.0	0.0	26.0	0.0	0.0	2.0	1.0	0.0	0.0	0.0	0.0	1.0	0.0
OTU_196	13.0	3.0	4.0	6.0	2.0	3.0	7.0	5.0	15.0	7.0	4.0	5.0	3.0	0.0	10.0	8.0	3.0	3.0	6.0	2.0	4.0	3.0	1.0	3.0	0.0
OTU_96	31.0	9.0	12.0	24.0	2.0	8.0	19.0	19.0	6.0	12.0	16.0	19.0	10.0	13.0	24.0	16.0	14.0	0.0	4.0	4.0	2.0	5.0	1.0	2.0	4.0
OTU_763	11.0	2.0	9.0	11.0	2.0	5.0	1.0	9.0	18.0	4.0	3.0	13.0	2.0	6.0	9.0	6.0	5.0	1.0	2.0	7.0	2.0	4.0	0.0	2.0	2.0
OTU_186	12.0	1.0	5.0	10.0	1.0	4.0	0.0	5.0	10.0	8.0	1.0	10.0	0.0	1.0	10.0	5.0	5.0	1.0	1.0	10.0	0.0	3.0	1.0	0.0	1.0
OTU_572	5.0	4.0	5.0	9.0	2.0	7.0	5.0	4.0	11.0	6.0	3.0	13.0	4.0	2.0	7.0	4.0	9.0	2.0	1.0	9.0	3.0	3.0	3.0	1.0	2.0
OTU_173	32.0	5.0	14.0	13.0	1.0	8.0	13.0	4.0	8.0	12.0	9.0	30.0	7.0	9.0	26.0	3.0	10.0	1.0	0.0	13.0	0.0	9.0	0.0	1.0	0.0
OTU_181	14.0	1.0	8.0	9.0	1.0	4.0	4.0	6.0	10.0	4.0	1.0	11.0	1.0	6.0	7.0	3.0	3.0	2.0	0.0	4.0	3.0	2.0	0.0	1.0	0.0
OTU_129	11.0	3.0	8.0	10.0	3.0	7.0	10.0	5.0	26.0	4.0	5.0	15.0	2.0	5.0	16.0	10.0	7.0	1.0	0.0	3.0	1.0	4.0	1.0	0.0	1.0
OTU_215	7.0	1.0	8.0	4.0	0.0	6.0	2.0	9.0	9.0	25.0	3.0	10.0	4.0	4.0	7.0	4.0	8.0	0.0	2.0	6.0	3.0	4.0	1.0	0.0	2.0
OTU_240	3.0	1.0	2.0	3.0	1.0	1.0	5.0	3.0	4.0	1.0	0.0	4.0	2.0	2.0	6.0	0.0	4.0	0.0	1.0	2.0	0.0	1.0	0.0	0.0	0.0
OTU_749	10.0	2.0	8.0	16.0	1.0	5.0	6.0	24.0	31.0	6.0	12.0	11.0	6.0	8.0	18.0	3.0	19.0	1.0	0.0	12.0	2.0	2.0	3.0	2.0	0.0
OTU_470	15.0	0.0	26.0	18.0	2.0	3.0	11.0	49.0	19.0	15.0	4.0	12.0	2.0	13.0	21.0	6.0	15.0	2.0	3.0	6.0	1.0	1.0	1.0	1.0	0.0
OTU_263	4.0	0.0	5.0	9.0	0.0	3.0	7.0	6.0	9.0	4.0	2.0	6.0	0.0	3.0	4.0	2.0	6.0	1.0	1.0	4.0	0.0	2.0	0.0	0.0	0.0
OTU_311	12.0	0.0	10.0	9.0	1.0	2.0	6.0	8.0	12.0	8.0	3.0	12.0	1.0	5.0	14.0	1.0	8.0	0.0	0.0	5.0	0.0	2.0	0.0	0.0	1.0
OTU_291	2.0	2.0	2.0	5.0	0.0	1.0	1.0	2.0	1.0	7.0	4.0	4.0	3.0	2.0	2.0	11.0	7.0	0.0	0.0	0.0	1.0	1.0	0.0	1.0	0.0
OTU_788	7.0	1.0	3.0	4.0	2.0	2.0	7.0	8.0	38.0	4.0	10.0	19.0	2.0	1.0	13.0	4.0	8.0	2.0	2.0	1.0	1.0	6.0	0.0	1.0	1.0
OTU_142	5.0	3.0	1.0	4.0	0.0	2.0	5.0	0.0	2.0	9.0	3.0	12.0	3.0	3.0	3.0	3.0	8.0	0.0	1.0	7.0	1.0	7.0	0.0	0.0	1.0
OTU_300	4.0	1.0	2.0	6.0	0.0	2.0	7.0	0.0	7.0	1.0	2.0	7.0	2.0	0.0	2.0	2.0	2.0	1.0	1.0	2.0	2.0	0.0	1.0	3.0	3.0
OTU_95	21.0	1.0	8.0	54.0	2.0	3.0	17.0	2.0	15.0	8.0	1.0	23.0	7.0	9.0	22.0	9.0	17.0	15.0	4.0	12.0	4.0	1.0	4.0	6.0	6.0
OTU_199	9.0	0.0	2.0	9.0	2.0	4.0	4.0	7.0	12.0	7.0	4.0	6.0	3.0	7.0	15.0	6.0	8.0	1.0	1.0	4.0	2.0	2.0	0.0	1.0	3.0
OTU_302	3.0	1.0	3.0	5.0	0.0	0.0	5.0	11.0	5.0	4.0	1.0	5.0	2.0	4.0	7.0	1.0	4.0	0.0	1.0	4.0	0.0	0.0	0.0	1.0	0.0
OTU_253	2.0	0.0	4.0	6.0	1.0	1.0	2.0	1.0	2.0	3.0	0.0	2.0	2.0	4.0	7.0	2.0	6.0	1.0	0.0	2.0	2.0	2.0	0.0	1.0	1.0
OTU_133	1.0	4.0	8.0	14.0	0.0	4.0	1.0	5.0	8.0	32.0	2.0	13.0	3.0	1.0	15.0	6.0	4.0	0.0	0.0	4.0	0.0	2.0	1.0	1.0	0.0
OTU_295	5.0	0.0	3.0	2.0	0.0	1.0	1.0	2.0	3.0	20.0	0.0	2.0	0.0	5.0	4.0	0.0	5.0	0.0	0.0	0.0	0.0	2.0	0.0	0.0	1.0
OTU_212	7.0	0.0	1.0	11.0	0.0	3.0	2.0	8.0	2.0	9.0	0.0	8.0	3.0	2.0	2.0	1.0	4.0	1.0	0.0	3.0	1.0	1.0	0.0	0.0	2.0
OTU_204	3.0	1.0	3.0	0.0	0.0	2.0	2.0	2.0	7.0	0.0	9.0	5.0	3.0	0.0	3.0	0.0	2.0	0.0	0.0	3.0	0.0	1.0	0.0	0.0	0.0
OTU_237	9.0	0.0	3.0	9.0	1.0	3.0	4.0	7.0	9.0	12.0	8.0	8.0	1.0	6.0	9.0	3.0	6.0	1.0	0.0	3.0	1.0	3.0	0.0	0.0	0.0
OTU_443	0.0	0.0	2.0	6.0	0.0	1.0	2.0	3.0	5.0	2.0	3.0	4.0	1.0	1.0	2.0	5.0	3.0	0.0	0.0	4.0	0.0	3.0	0.0	1.0	0.0
OTU_258	4.0	1.0	1.0	3.0	0.0	3.0	3.0	2.0	0.0	5.0	0.0	6.0	2.0	1.0	8.0	1.0	1.0	0.0	0.0	3.0	2.0	1.0	0.0	0.0	0.0
OTU_162	10.0	0.0	3.0	5.0	0.0	5.0	1.0	4.0	9.0	5.0	5.0	8.0	1.0	4.0	4.0	3.0	9.0	0.0	0.0	2.0	1.0	1.0	0.0	0.0	0.0
OTU_211	9.0	1.0	6.0	3.0	0.0	2.0	4.0	3.0	4.0	4.0	2.0	8.0	0.0	1.0	5.0	2.0	6.0	2.0	0.0	2.0	1.0	0.0	0.0	0.0	0.0
OTU_244	4.0	1.0	3.0	5.0	0.0	1.0	13.0	6.0	7.0	11.0	0.0	4.0	2.0	2.0	4.0	1.0	2.0	0.0	1.0	4.0	0.0	0.0	1.0	0.0	1.0
OTU_359	9.0	0.0	1.0	1.0	0.0	1.0	3.0	4.0	2.0	11.0	0.0	3.0	2.0	0.0	2.0	1.0	1.0	0.0	0.0	2.0	3.0	3.0	0.0	0.0	2.0
OTU_164	3.0	2.0	6.0	2.0	1.0	1.0	4.0	4.0	1.0	1.0	2.0	6.0	11.0	9.0	6.0	3.0	2.0	0.0	0.0	1.0	0.0	3.0	1.0	0.0	2.0
OTU_218	6.0	0.0	3.0	2.0	0.0	1.0	2.0	4.0	4.0	2.0	0.0	6.0	1.0	4.0	4.0	0.0	1.0	0.0	1.0	2.0	1.0	2.0	0.0	0.0	0.0
OTU_155	6.0	3.0	2.0	5.0	0.0	2.0	5.0	2.0	3.0	37.0	1.0	11.0	1.0	3.0	4.0	0.0	0.0	0.0	1.0	4.0	1.0	0.0	0.0	0.0	0.0
OTU_124	9.0	2.0	5.0	10.0	2.0	6.0	20.0	3.0	17.0	1.0	2.0	10.0	3.0	2.0	10.0	3.0	11.0	0.0	3.0	2.0	2.0	6.0	2.0	1.0	2.0
OTU_224	11.0	3.0	5.0	7.0	0.0	8.0	7.0	7.0	10.0	9.0	8.0	15.0	4.0	3.0	13.0	6.0	3.0	0.0	1.0	3.0	1.0	7.0	1.0	2.0	1.0
OTU_693	3.0	1.0	0.0	4.0	0.0	3.0	0.0	0.0	1.0	1.0	1.0	4.0	2.0	2.0	4.0	4.0	5.0	0.0	0.0	3.0	2.0	3.0	1.0	1.0	1.0
OTU_228	2.0	2.0	1.0	6.0	0.0	4.0	2.0	3.0	8.0	0.0	2.0	14.0	2.0	1.0	2.0	3.0	4.0	0.0	1.0	1.0	0.0	2.0	0.0	0.0	1.0
OTU_193	3.0	1.0	2.0	0.0	3.0	5.0	3.0	2.0	4.0	2.0	1.0	12.0	5.0	0.0	5.0	7.0	4.0	0.0	0.0	3.0	0.0	1.0	1.0	1.0	2.0
OTU_192	6.0	0.0	0.0	7.0	0.0	3.0	0.0	5.0	6.0	2.0	0.0	3.0	1.0	3.0	4.0	1.0	4.0	0.0	0.0	2.0	0.0	1.0	0.0	0.0	1.0
OTU_345	2.0	0.0	2.0	3.0	1.0	1.0	4.0	3.0	1.0	2.0	2.0	4.0	1.0	3.0	3.0	0.0	5.0	0.0	1.0	2.0	0.0	4.0	0.0	0.0	0.0
OTU_344	2.0	3.0	4.0	9.0	1.0	0.0	3.0	4.0	10.0	5.0	15.0	22.0	2.0	9.0	8.0	13.0	6.0	1.0	2.0	9.0	2.0	4.0	0.0	1.0	2.0
OTU_187	4.0	0.0	5.0	1.0	1.0	1.0	0.0	3.0	5.0	3.0	3.0	7.0	2.0	3.0	3.0	6.0	1.0	2.0	1.0	5.0	2.0	0.0	0.0	2.0	0.0
OTU_178	0.0	0.0	0.0	14.0	0.0	1.0	0.0	11.0	2.0	1.0	10.0	15.0	1.0	2.0	7.0	1.0	1.0	2.0	1.0	6.0	1.0	6.0	0.0	1.0	0.0
OTU_225	2.0	2.0	0.0	1.0	2.0	0.0	1.0	2.0	2.0	5.0	1.0	5.0	3.0	3.0	3.0	2.0	1.0	0.0	0.0	5.0	0.0	2.0	0.0	0.0	0.0
OTU_160	17.0	5.0	13.0	11.0	1.0	14.0	6.0	4.0	7.0	40.0	6.0	11.0	9.0	14.0	7.0	11.0	13.0	1.0	1.0	13.0	2.0	26.0	2.0	0.0	1.0
OTU_493	6.0	3.0	6.0	7.0	1.0	3.0	3.0	3.0	8.0	1.0	4.0	9.0	2.0	2.0	4.0	2.0	1.0	1.0	1.0	0.0	1.0	2.0	0.0	0.0	0.0
OTU_166	10.0	6.0	6.0	5.0	0.0	4.0	2.0	3.0	3.0	2.0	1.0	5.0	4.0	2.0	7.0	3.0	4.0	0.0	0.0	1.0	0.0	1.0	0.0	0.0	0.0
OTU_498	3.0	3.0	2.0	1.0	0.0	1.0	1.0	1.0	3.0	22.0	2.0	3.0	3.0	1.0	1.0	0.0	0.0	0.0	0.0	0.0	1.0	3.0	1.0	0.0	0.0
OTU_191	7.0	9.0	0.0	1.0	0.0	1.0	5.0	3.0	3.0	49.0	1.0	16.0	5.0	1.0	8.0	1.0	1.0	1.0	0.0	3.0	0.0	0.0	1.0	0.0	0.0
OTU_540	7.0	2.0	3.0	3.0	0.0	2.0	1.0	3.0	8.0	11.0	1.0	8.0	2.0	3.0	1.0	0.0	7.0	0.0	2.0	4.0	0.0	4.0	1.0	3.0	2.0
OTU_400	2.0	0.0	2.0	4.0	0.0	5.0	3.0	3.0	2.0	1.0	2.0	3.0	0.0	1.0	4.0	1.0	4.0	0.0	0.0	2.0	1.0	4.0	0.0	1.0	0.0
OTU_259	4.0	2.0	9.0	6.0	1.0	3.0	3.0	2.0	23.0	1.0	5.0	29.0	1.0	5.0	4.0	2.0	5.0	1.0	0.0	3.0	1.0	5.0	0.0	0.0	1.0
OTU_195	6.0	2.0	6.0	4.0	0.0	2.0	0.0	1.0	9.0	0.0	3.0	7.0	1.0	1.0	3.0	3.0	1.0	0.0	0.0	4.0	0.0	4.0	0.0	0.0	1.0
OTU_352	7.0	1.0	3.0	4.0	0.0	1.0	2.0	3.0	8.0	7.0	1.0	7.0	1.0	1.0	8.0	3.0	3.0	0.0	0.0	1.0	0.0	2.0	0.0	0.0	1.0
OTU_279	5.0	0.0	3.0	8.0	0.0	1.0	3.0	6.0	8.0	0.0	0.0	4.0	0.0	3.0	6.0	3.0	2.0	0.0	0.0	2.0	0.0	0.0	0.0	0.0	1.0
OTU_645	5.0	0.0	2.0	1.0	0.0	2.0	2.0	6.0	5.0	2.0	5.0	2.0	1.0	0.0	6.0	0.0	4.0	0.0	0.0	0.0	0.0	1.0	1.0	0.0	2.0
OTU_149	13.0	1.0	4.0	6.0	2.0	3.0	4.0	0.0	16.0	10.0	1.0	2.0	1.0	5.0	10.0	2.0	4.0	1.0	2.0	2.0	0.0	1.0	0.0	0.0	1.0
OTU_322	9.0	1.0	4.0	2.0	0.0	3.0	5.0	2.0	6.0	1.0	0.0	6.0	2.0	7.0	4.0	0.0	3.0	0.0	0.0	1.0	0.0	2.0	0.0	1.0	0.0
OTU_170	1.0	2.0	2.0	1.0	1.0	35.0	1.0	4.0	0.0	0.0	0.0	1.0	0.0	1.0	3.0	1.0	3.0	0.0	0.0	1.0	0.0	2.0	0.0	0.0	0.0
OTU_245	2.0	1.0	4.0	4.0	1.0	1.0	6.0	3.0	4.0	4.0	3.0	9.0	1.0	5.0	2.0	1.0	4.0	0.0	0.0	0.0	0.0	3.0	0.0	2.0	0.0
OTU_284	2.0	1.0	3.0	2.0	0.0	4.0	3.0	3.0	1.0	11.0	0.0	0.0	0.0	2.0	0.0	2.0	2.0	1.0	0.0	0.0	0.0	3.0	0.0	0.0	1.0
OTU_276	1.0	3.0	7.0	2.0	0.0	0.0	0.0	0.0	3.0	17.0	1.0	1.0	0.0	0.0	1.0	1.0	2.0	0.0	0.0	0.0	0.0	4.0	0.0	0.0	0.0
OTU_165	13.0	2.0	2.0	9.0	0.0	1.0	3.0	4.0	5.0	2.0	5.0	10.0	6.0	3.0	4.0	2.0	5.0	0.0	1.0	4.0	0.0	2.0	0.0	1.0	0.0
OTU_151	4.0	3.0	11.0	13.0	1.0	2.0	5.0	7.0	8.0	6.0	2.0	5.0	3.0	0.0	12.0	2.0	7.0	0.0	2.0	0.0	2.0	5.0	0.0	1.0	0.0
OTU_222	2.0	0.0	1.0	5.0	0.0	2.0	7.0	4.0	13.0	0.0	0.0	3.0	2.0	1.0	14.0	8.0	5.0	1.0	0.0	6.0	0.0	3.0	1.0	0.0	0.0
OTU_167	2.0	0.0	3.0	3.0	1.0	5.0	8.0	0.0	6.0	11.0	1.0	6.0	2.0	3.0	4.0	3.0	1.0	0.0	0.0	1.0	0.0	2.0	0.0	0.0	0.0
OTU_264	2.0	0.0	0.0	2.0	0.0	8.0	1.0	2.0	2.0	2.0	0.0	17.0	0.0	0.0	2.0	0.0	0.0	2.0	1.0	0.0	0.0	6.0	0.0	0.0	0.0
OTU_914	3.0	0.0	2.0	6.0	1.0	2.0	0.0	8.0	0.0	10.0	0.0	1.0	2.0	0.0	2.0	2.0	4.0	0.0	1.0	5.0	0.0	0.0	1.0	0.0	0.0
OTU_299	2.0	0.0	3.0	6.0	0.0	0.0	6.0	1.0	2.0	0.0	6.0	6.0	0.0	1.0	2.0	1.0	1.0	1.0	0.0	3.0	0.0	0.0	0.0	0.0	0.0
OTU_250	0.0	3.0	2.0	5.0	0.0	2.0	1.0	4.0	3.0	5.0	3.0	8.0	1.0	4.0	9.0	4.0	8.0	0.0	0.0	2.0	1.0	1.0	0.0	1.0	0.0
OTU_243	5.0	5.0	3.0	0.0	0.0	5.0	0.0	4.0	1.0	10.0	1.0	0.0	1.0	2.0	4.0	3.0	4.0	1.0	0.0	1.0	0.0	3.0	0.0	0.0	2.0
OTU_394	2.0	0.0	5.0	2.0	0.0	0.0	1.0	6.0	5.0	1.0	2.0	4.0	3.0	1.0	5.0	2.0	2.0	0.0	0.0	1.0	0.0	0.0	1.0	0.0	0.0